2 542.7964767616193
9 1.9993204983012458
9 104.6311060777652
11 573.1387631975867
14 0.6663890991672976
33 1.332833583208396
33 1.332833583208396
33 157.2743628185907
35 127.61369294605808
35 230.57095435684644
49 595.4434032983509
49 650.0895802098951
58 89.29985007496254
63 3.3320251177394034
63 747.0400313971743
66 15.660794602698651
66 418.1765367316342
73 122.28748125937032
74 292.2237631184408
83 539.4641651031894
91 1.3327874953479717
91 57.30986229996279
93 1.3327825760420577
93 586.091137814495
95 3.665292353823089
95 20.325712143928037
97 1.6661023325808877
